14000 14000 3134.8468809073725
14015.759659664533 14025.527105736024 3128.283367822017
14009.649660284922 13997.376251462962 3133.706477649801
14045.529611974578 14029.235196816027 3122.893585909263
14018.99866433392 13993.827149704512 3132.759872983371
14074.962602676778 14035.040285818292 3117.218389866786
14015.657294624018 13984.401904431217 3134.782727271112
14059.884709449154 14060.975920297062 3115.5527620051603
14025.126071678222 13981.185965828292 3133.764444614778
14077.412441846138 14036.62887536303 3116.5706921316087
14023.583259344303 13991.06623556663 3132.4563575077477
14065.654228958225 14064.22859329062 3114.1039581794485
14020.917120551801 13981.42820133038 3134.4041181532143
14063.396539150392 14094.143519944912 3109.728260117924
14029.671860823377 13976.595549596886 3133.755328952979
14081.565254020272 14070.270987612186 3110.569756385641
14030.512055947647 13966.630908501837 3135.189178007848
14051.734613800281 14067.08776533508 3115.9037179077254
14026.512755364021 13957.465451893364 3137.275494781294
14040.719238459824 14039.183258421162 3122.0985031248565
14016.71902662998 13959.486065038926 3138.533373298633
14034.781285439964 14068.589732435126 3118.407687338402
14017.999560416987 13949.568392266528 3139.8871249875983
14039.666547620696 14098.189296847893 3112.9300037578105
14027.625864029154 13946.860204908467 3138.7646744777776
14041.130972175963 14068.225060486491 3117.4387557966975
14023.708123748582 13937.659590195635 3140.841307826273
14046.799526642686 14097.684651289112 3111.855147611923
14025.51331772261 13927.823875950287 3142.0967344454966
14025.450095575981 14076.60855598832 3118.647207552253
14023.363148204791 13918.057772784508 3143.976230833195
14052.558150594352 14089.459756442791 3112.226435327437
14013.463393469608 13916.645379006826 3145.7880852118374
14022.788981393114 14085.745383673653 3117.631358790236
14022.812825392153 13913.0974045529 3144.8434462193127
14011.776970785992 14057.839548757123 3123.8236937345473
14031.995056404592 13917.058040061782 3142.7461454414533
14040.792421504235 14065.462121788407 3117.9307554406814
14026.445177118021 13908.739456053401 3144.944091594909
14030.759789292373 14093.734834620775 3115.0771620255227
14032.360089313492 13900.676341660075 3145.2595887898456
14052.671174071651 14073.243587292844 3114.7773994879926
14042.009274893364 13903.301835450808 3143.297069367098
14062.185459079123 14101.694920843252 3108.726675044586
14033.522615352991 13908.591127449345 3143.8303370289905
14070.193462582956 14072.783471902001 3112.013626047449
14031.369502004258 13918.356582016722 3142.642720173417
14055.338652631614 14098.847520346353 3110.287739632575
14038.48873155614 13911.334006236595 3142.6014831615403
14084.96040724959 14094.098662235985 3106.239589052788
14033.774069383415 13902.515165009027 3144.743827243446
14113.841276523699 14085.981064686724 3102.841790549677
14037.775856400694 13893.350793744814 3145.539338082
14134.249273780522 14063.992120920242 3103.020381370963
14031.039225178723 13900.741179376102 3145.461572699906
14155.043319916358 14042.367883470086 3103.0769972487697
14039.997997322927 13905.18419655683 3143.3247246754763
14167.758861997432 14069.539835729436 3096.692452919472
14044.638155302322 13896.325927316946 3143.9698784420384
14144.465689476545 14050.634066400678 3103.4824112484634
14054.466396447055 13894.480479945447 3142.679995146019
14171.099347869593 14064.441609288622 3096.959860677428
14057.638396541815 13903.964066577035 3140.680247818247
14146.227129719518 14047.667439732571 3103.667358345476
14065.290984915446 13910.401293556391 3138.4372820880862
14121.192951382645 14064.198922273397 3105.1070664050885
14066.655968160332 13920.307696573691 3136.659642734896
14097.735041618085 14045.497947179092 3111.8762210088685
14067.41003436459 13910.336167896523 3138.1064765741835
14125.183155297855 14033.390054900809 3109.3466844847944
14063.652424074136 13919.603333855168 3137.2539793867654
14123.473427945642 14003.438813985262 3114.367877395678
14054.503904681926 13923.641228471219 3138.0914472016852
14153.357417622712 14000.803067225646 3109.9427946481746
14064.465022410279 13922.760244020797 3136.6265885860344
14148.976312526922 14030.481441812872 3105.94836697999
14062.39754566514 13932.544186984056 3135.420084910717
14146.73846206874 14000.565024491829 3111.053581141628
14061.11491917383 13942.46158932962 3134.0656240323865
14163.597868036046 14025.37954504794 3104.384269510234
14070.188120009698 13946.665994946588 3131.9414104873435
14140.992092643342 14005.656996559099 3111.178447258766
14079.964087898505 13944.561131094215 3130.6969288548034
14136.120214857496 13976.055226226232 3116.6527540646516
14070.582991445392 13948.024515181693 3131.663747631013
14107.895550021649 13965.888206264408 3122.8241533463606
14070.712443323775 13958.023677257146 3130.067238959463
14137.776500883934 13968.558182962008 3117.5701430917316
14071.813020087153 13967.96292928071 3128.3227356264097
14132.606272806337 13998.10930378044 3113.732342000677
14081.280633213211 13971.182292835094 3126.287058718591
14109.486539279595 13978.99182691626 3120.4972218600824
14071.504601879087 13973.286861996281 3127.5328282081973
14086.682969252211 13998.485343633525 3121.1033406199767
14062.254500281952 13969.487438297527 3129.624156257627
14115.69520050121 14006.12016111364 3115.2029364750306
14069.673617329574 13976.192414228406 3127.3699591691957
14132.586009690425 13981.327005507032 3116.391070592801
14060.917275090544 13981.022162730449 3128.0209367848615
14144.361691709893 13953.734736427154 3118.847620285586
14054.445094075982 13988.645211524385 3127.86262503853
14119.201359822646 13937.395896219736 3125.494536163046
14057.200494736864 13979.032315644474 3128.9343066277506
14101.01753653108 13961.256922402637 3124.666413258505
14056.621557245831 13989.015543147716 3127.45306252244
14130.544846683199 13966.561444547055 3119.05585982671
14066.002966865006 13985.55300743566 3126.4855045175186
14101.168787392584 13960.474808320509 3124.765418143718
14061.837661444619 13994.64422466741 3125.7230672859596
14130.907974548372 13956.527562785579 3120.5825287312377
14060.029206166188 14004.479339791593 3124.462356558446
14113.147928904118 13980.705668143815 3119.634333872351
14050.53101384637 14007.60733318285 3125.5018586961514
14088.13470052124 13964.142504017782 3126.2913070413706
14040.981618458067 14004.63932918726 3127.5112401215038
14058.254313717229 13961.466222186078 3131.533314565593
14044.977327006789 14013.806352324225 3125.419605468421
14042.290756162774 13936.066127103468 3138.102815872306
14036.73657428061 14008.141549193844 3127.643422755388
14066.884431404496 13918.886163829213 3136.8464678585524
14038.623132215998 14017.961981931581 3125.789060442462
14043.600380027576 13899.96916217787 3143.564656228777
14030.327339758525 14023.545871928935 3126.2462161022613
14024.212806314132 13877.075451567622 3150.26888789222
14021.939249309931 14018.101614529969 3128.4584842594372
14052.173990867263 13866.20474973261 3147.4853962652523
14019.70654089315 14008.35405005849 3130.3559327725525
14023.934034184149 13876.329217448785 3150.4305566361168
14013.507312917736 14016.200678156521 3130.11774415985
14015.195819902865 13847.630025627857 3156.3249611249503
14009.431171259748 14007.069135615197 3132.214272007544
13992.046148025005 13866.711238690645 3157.0471054860736
13999.573064359405 14005.390526565596 3134.066480245958
13969.978736274425 13846.388115440752 3163.753875373094
13993.443293988745 14013.291533792713 3133.808616358328
13942.13502084738 13835.21996827044 3169.9427982251104
13996.444043937685 14022.830689926457 3131.8218604062745
13915.986844807823 13849.926187696396 3171.820800491845
13987.96121323283 14017.535259515927 3134.022601045746
13893.564333976818 13829.995532713847 3178.4961642139324
13980.847277977193 14010.507320616178 3136.2746037292227
13865.414160309454 13840.367018745137 3181.361074003903
13975.009839163315 14002.387942062727 3138.4917378139007
13836.027504215346 13846.40228540094 3185.0928285157956
13984.588081341002 13999.514394292884 3137.4034786110547
13854.427531131005 13822.70758115077 3185.8508873951946
13983.22638301434 13989.60753920829 3139.18148302349
13861.685262623636 13793.598727968603 3189.216290050154
13973.449844437475 13991.709750771159 3140.4225013076843
13880.038111893246 13817.3299926565 3182.6169716936283
13963.97922703101 13994.920265673843 3141.439584815614
13908.85179661779 13808.977054694646 3179.33251570356
13958.506979512527 13986.550408620316 3143.6343566136243
13922.265701226515 13835.81112190683 3173.0193327884804
13962.256487139191 13995.82085588879 3141.574773180909
13949.612638064975 13823.476412929587 3170.580475436359
13952.276051314566 13995.195635327285 3143.2762497424874
13926.500974572518 13804.349180756284 3177.2427676798648
13944.02915601618 14000.851492286001 3143.711562048272
13921.643374572373 13774.745064112842 3182.617867093604
13953.60757141894 13997.978521981215 3142.6249451395156
13951.615460700277 13773.451212057338 3178.049271977839
13962.792903771584 13994.025084290868 3141.7709541905438
13969.542444857188 13797.50580078876 3171.44798301913
13972.55058397546 13991.837008186414 3140.547023657581
13996.998582161334 13785.416114095717 3168.9500163187113
13965.62640902701 13984.622037550072 3142.7939872988372
14023.149860785063 13770.715412536128 3167.06487770685
13970.88527074562 13976.116487983787 3143.2860552493894
14040.862498199767 13794.928270191003 3160.4538620849717
13980.035371791724 13972.082178768307 3142.4502099063316
14015.527972603511 13810.995684818523 3161.997998918855
13972.054585635171 13966.056645404085 3144.6788094549734
14029.17484179031 13837.71202740875 3155.637199163548
13981.369289073275 13969.694818003096 3142.6111178618858
14008.747629901609 13859.68312238497 3155.4719304243554
13971.369291476738 13969.687884802377 3144.2184165388253
14034.993474349232 13874.214318111102 3148.9875443233955
13961.991749600234 13966.214887774677 3146.2693324597885
14006.35227553023 13865.287855754135 3154.9784857839163
13952.614207723731 13962.741890746976 3148.3190982175747
14030.168931789802 13847.045956603735 3154.0172036469016
13962.608194039443 13962.395137922384 3146.7701308023416
14026.895066883459 13817.225128168311 3159.205838949182
13958.453305206363 13953.299155359475 3148.8642870703848
14046.474929859109 13839.954601674197 3152.5131012857464
13958.858742811988 13943.30737772244 3150.3666195443448
14023.149876019086 13858.82102325753 3153.298889494359
13968.613379561539 13945.508982111136 3148.456889415173
14015.701334787771 13829.760410161358 3159.0384393558516
13978.556252616008 13946.576350568002 3146.6939777434345
14045.442659334609 13825.829301640892 3154.889474628571
13987.512612667702 13951.024228109529 3144.557695733074
14072.975005454891 13837.744414611947 3148.607125490179
13980.718126202331 13943.6869974554 3146.80053540668
14046.478163465355 13823.676103960643 3155.0603981475692
13971.14379079159 13940.800459487065 3148.789715465158
14072.326640360665 13838.902930359885 3148.5296587584426
13966.279023399598 13932.063524199346 3150.9400940703063
14056.376867205423 13813.494177216602 3155.066790853943
13968.249180338851 13941.867527546689 3149.086608691248
14086.371401241988 13814.066827135292 3150.166145356598
13977.132609607475 13937.275721319356 3148.3819838758473
14115.847073586629 13819.651156981516 3144.5559424359026
13985.622615735228 13931.99180270239 3147.8488251393474
14130.499018249542 13793.472529867115 3146.305199358553
13995.546972898474 13930.76414847732 3146.4486530859517
14143.903215233622 13820.311447565338 3139.938761796777
14000.717706126137 13939.323559548668 3144.274510825665
14159.472656251666 13794.667880996203 3141.4578046911374
14010.512954830894 13937.31032761668 3143.017104360898
14179.449108085162 13817.049600593768 3134.72448485277
14005.177484071648 13945.768031310783 3142.545663089979
14202.942490441712 13798.393207977591 3133.868733817656
13997.942336022776 13938.864942675187 3144.792282867442
14207.001602554677 13828.117333008522 3128.5370069392975
14007.911313828596 13938.077871199994 3143.3145520631206
14177.576865950574 13822.270549638226 3134.205526166734
14013.817958968331 13946.14704359828 3141.0973346488763
14205.6392546269 13811.663837528491 3131.3465933698435
14007.342102036673 13953.766969910304 3140.940616429038
14178.434499399425 13799.01862922601 3137.721322330794
14010.608463708568 13944.31546836672 3141.9011004170097
14177.195597254393 13828.993037001228 3133.209839606297
14008.293376173322 13934.587140159667 3143.8014674884403
14148.189589573154 13821.334609068816 3139.0879703112237
13998.979440635107 13930.947002141682 3145.8688892029722
14121.820464495362 13807.028343216689 3145.5751160395866
13993.946181096346 13939.587968431135 3145.320474193561
14125.17791687911 13777.216809987234 3149.7065791743635
13987.551687880297 13931.899635938982 3147.5537289279373
14147.232459033445 13797.553898529175 3142.9745757292358
13981.294294911999 13924.099313302046 3149.7812063193255
14170.834895957112 13816.072132010377 3136.26671140038
13979.481096273124 13933.933555046888 3148.5295585604554
14140.84675769385 13815.228589774684 3141.2286686225507
13982.831272178475 13924.511436314713 3149.4700606319147
14142.088370511232 13785.254294159746 3145.73043120451
13982.158879701472 13934.488805124018 3148.012821132867
14152.318170059154 13813.456265743473 3139.6603678588594
13974.613721075415 13941.051623215939 3148.1936612145682
14151.17143665741 13783.47819037988 3144.5484135328697
13970.203901864152 13950.026783076575 3147.4927581655184
14125.88156787679 13767.340577884253 3151.1396515760207
13969.197341676581 13940.0775702138 3149.215322808106
14134.090378180585 13796.19565427293 3145.3010564161514
13971.425642354852 13949.826143242055 3147.328208748906
14110.326059082152 13777.885625933577 3151.986021168619
13977.402753862787 13957.84325856003 3145.1101268828343
14089.50400093059 13799.48289183306 3151.9469172901986
13975.60793808515 13948.0056452151 3146.9428023887544
14062.081864001753 13787.31628153043 3158.245729689998
13984.751459982868 13952.054843568596 3144.8392326844823
14091.788617130529 13783.13192751267 3154.1389690134693
13983.481390570765 13942.135825286103 3146.6005045133525
14092.401788781624 13813.125660533524 3149.3454999762616
13993.235496109151 13944.339781988496 3144.6884348492686
14122.3961488338 13813.707352084388 3144.435237546926
14002.858855137638 13947.058414182971 3142.715491843231
14107.505211716465 13839.750777200288 3142.7438099266315
14004.30401298113 13956.95343913531 3140.9280898249044
14103.980992357416 13809.958498369871 3147.9822593969934
14012.976640619492 13951.974932346491 3140.316450990594
14119.331391940792 13784.18321500323 3149.554577225369
14016.64029975229 13961.279640926488 3138.2638976906533
14120.047631920786 13754.1917662171 3154.132792607482
14016.163900851372 13951.290995168069 3139.9114711842867
14113.386535116326 13724.94061599422 3159.7707446130744
14006.17324451859 13951.72318267396 3141.4497676276706
14141.975142655996 13715.84712827263 3156.609283544145
13996.173550788857 13951.80144704352 3143.044420016835
14132.906492677808 13744.44362434423 3153.594295339039
13987.986549274723 13946.059234385704 3145.261301605341
14112.93881324999 13722.054078161516 3160.2930387020715
13990.577757244111 13936.400785169635 3146.3616255274374
14085.163835105537 13733.392093379145 3162.9701519819437
13983.163290674041 13929.690667027508 3148.604434681156
14086.037946820947 13763.37935615368 3158.14858887187
13974.625591710388 13934.897172228313 3149.157280748537
14114.009604452523 13752.535631270512 3155.360079938207
13965.249306742378 13931.420783268677 3151.2059390841887
14114.729460718621 13722.544269064767 3159.929726033236
13957.761534118506 13938.049000308967 3151.3670463731605
14095.979863569355 13699.125204037737 3166.582564487476
13957.81664293113 13928.049152159181 3152.9256223048505
14072.47804784137 13717.770971854801 3167.4342850589924
13954.381501521348 13937.440627202794 3152.0041520982227
14092.044203953854 13740.512245675365 3160.7577563732902
13950.88397490732 13928.072206440243 3154.032641758175
14068.6133777181 13721.777348240099 3167.4276978561757
13960.874670283287 13927.640922421742 3152.499581728867
14068.688271854919 13751.777254754425 3162.7378462293013
13969.161531051182 13933.238059065914 3150.293769987003
14087.228423238066 13775.362478660294 3156.0850423689217
13977.031614352532 13939.407482769131 3148.0637141366296
14059.255785089645 13786.20367393653 3158.8721866473443
13970.353702950772 13946.850969808835 3147.967119579138
14048.429615224395 13814.182130756892 3156.232757084715
13978.450706721189 13940.982534758341 3147.588862839575
14076.359884680967 13825.132018796654 3150.03989112508
13987.415631117061 13936.551944439174 3146.845470221653
14049.573219223974 13838.640333039932 3152.22200451359
13984.931616040154 13926.865372852813 3148.763937213802
14023.084863651915 13824.55605034296 3158.6699739790656
13979.171446513927 13918.69099538238 3150.969596516493
14039.688584614109 13849.542375607185 3152.1000617735344
13970.692129475357 13913.389940528916 3153.1594804558554
14037.63892615349 13879.472275376393 3147.7385042179267
13963.103096869963 13906.877906736447 3155.39510762932
14064.947807957566 13891.891010199673 3141.4014041129194
13953.473778693315 13909.575355800447 3156.514572732825
14094.946035263922 13892.217136672345 3136.5223958348606
13944.682633222981 13904.809250333776 3158.667348567071
14101.599196010264 13921.470092968817 3130.8458923952408
13950.149581262873 13913.18256981467 3156.4820341191607
14080.57840015949 13942.873974434571 3130.86370768579
13951.241169207688 13923.122813059115 3154.7507356931646
14110.478375340985 13945.32172526869 3125.6529215322334
13941.298844435982 13922.050349477484 3156.5105273939675
14092.053359517004 13968.99700334279 3124.892567386393
13951.297493626576 13921.885989009523 3154.935431869242
14119.520418666287 13956.932151015066 3122.35963391892
13941.307853640114 13921.430914355344 3156.6060627956845
14128.596826516581 13928.338116313136 3125.4058730331717
13931.923420704868 13924.885247646136 3157.567194684867
14121.944547584713 13899.084959474725 3131.090196961717
13921.991013101482 13923.724524078618 3159.3377518434663
14119.751790204084 13869.165203207842 3136.1518203931255
13926.301099877535 13932.748001899441 3157.236040875956
14148.177837922263 13859.575635380053 3133.078576421521
13933.239398415944 13925.546612214672 3157.2530865065237
14139.100568127407 13888.169396466545 3130.041568322025
13926.827770897382 13933.220661508443 3157.0777651141693
14110.801696231745 13878.210789664741 3136.1712051838103
13933.440892899702 13925.719553764755 3157.1937694018065
14096.474118518607 13851.853238244437 3142.6182954058777
13924.595922352511 13930.385011515 3157.8787720929
14096.139114504203 13821.855108764246 3147.377455761952
13934.308625018642 13932.764802875465 3155.951812076979
14068.114954462204 13811.1478003284 3153.5520791355207
13942.879675964406 13937.916218766764 3153.772410598033
14088.948077484703 13789.561207611405 3153.588747475984
13933.27419167324 13940.697346511428 3154.874983352347
14099.410998968933 13817.677524475725 3147.506653071943
13942.530807889314 13936.913822198265 3153.9853496209726
14110.736607145587 13789.8974848892 3150.0397960216274
13947.544518855788 13945.56614572115 3151.8260323930317
14098.7967522824 13762.375859467615 3156.260840609931
13954.65273173363 13952.599872306915 3149.5834922856
14069.002690689626 13758.866743652205 3161.581067753686
13958.420675735571 13943.33690312861 3150.4322233453395
14086.796973665267 13734.71382471095 3162.502601564878
13951.068140020328 13936.558981724811 3152.6732910031033
14059.222063145744 13746.530097805302 3165.070487899769
13941.259777005116 13934.610645264693 3154.5497446330396
14060.083519530652 13776.51772680289 3160.252722292878
13947.304014719786 13942.577275069607 3152.3331191770144
14089.972071797738 13773.934232390733 3155.868550946031
13957.179644926506 13941.005038439793 3150.9968428469074
14106.238931951239 13748.72730356657 3157.2009604572177
13964.53197632235 13947.783181477946 3148.7547572295416
14100.633441281625 13719.25564812693 3162.699799323428
13974.251241458433 13945.430335283534 3147.5647083634085
14071.808953627527 13727.571230576692 3166.0139275927295
13978.955000664208 13954.2549967124 3145.4244124221345
14077.934385726141 13756.939224747306 3160.452256753893
13973.052978052709 13946.182442649815 3147.6389444446686
14091.07530212859 13783.908027392286 3154.131961397456
13967.563585375587 13954.54106502652 3147.2078786017346
14121.022073785976 13782.121727501362 3149.60590009493
13967.416350033092 13964.539981055466 3145.6616575829084
14097.766560884624 13763.169653216604 3156.3018968339256
13975.445487964605 13970.500932663786 3143.436031048516
14076.651361153667 13741.85889677011 3163.011304836984
13972.285211229517 13961.013432942698 3145.433872288746
14069.352395983828 13770.957438098663 3159.6371769321267
13962.738862787279 13958.035643255804 3147.4335088901707
14039.353018061838 13771.150633061363 3164.407190495443
13972.25847992711 13961.097813974597 3145.4249122618876
14009.744401640668 13766.320536413883 3169.8907829586014
13966.121090945357 13968.992904631876 3145.1702440137556
14016.009637847534 13736.982049485068 3173.4591304481028
13973.65020271123 13975.574126100342 3142.9271665525944
14025.210626632572 13765.536240164854 3167.5430642254787
13963.72499677595 13976.79489927433 3144.32934955307
14052.788029895566 13753.72578592845 3164.9770601496057
13973.015297303396 13973.094856557043 3143.4187645068305
14047.971484812137 13724.114962004429 3170.361082895675
13976.591668927585 13982.433462770268 3141.3763108489584
14018.004232789866 13722.713603294562 3175.3607065500837
13979.83522837152 13991.892813812156 3139.367211496222
14010.445367863924 13751.74571587755 3172.0488445720785
13988.952855973748 13987.785641195005 3138.5472607049237
13992.339322521144 13727.825617172797 3178.655965182308
13981.824106879505 13994.798553311333 3138.5902197144783
13971.60728718731 13706.141920280508 3185.3216677149976
13984.50564047523 13985.164790932335 3139.6746945195378
13982.307682792725 13734.168720559663 3179.267922899214
13976.784866813718 13991.520076454457 3139.916250111077
13968.225941468472 13707.679013855419 3185.6208294394014
13970.955752680462 13983.394719328677 3142.13077156665
13970.932681985749 13737.55665693134 3180.5525482699727
13970.895519413043 13993.394537924707 3140.56806817717
13958.519037033528 13710.24546107689 3186.7656871676995
13978.870671375817 13999.427526501744 3138.336748313543
13969.610916695621 13682.371275787242 3189.3237217457804
13987.716907332346 13994.764468556425 3137.647807738921
13999.500401540447 13679.798593196849 3184.9719408843193
13983.540642987975 14003.850656763034 3136.8893638176496
13991.169021469696 13708.6185187019 3181.8256231724204
13974.351382444522 14007.794955263977 3137.746622208043
14007.444998717572 13683.41747577454 3183.146733918966
13979.23746822422 13999.069924275296 3138.334036721264
14036.441982880253 13691.109998733185 3177.3343186138236
13972.256821982617 13991.909576654572 3140.5828252974898
14044.262762397033 13662.14734333438 3180.5862249945576
13981.568011636109 13995.55673270233 3138.5120985335893
14051.413394009383 13691.282690724525 3174.920327413314
13987.706590510159 13987.662567172834 3138.767050347484
14022.049131953396 13685.139392432295 3180.554727225748
13978.625169055631 13991.849186855256 3139.568624205912
13996.635179252977 13669.197905420699 3187.0709528778216
13985.854696301873 13998.758161873002 3137.318760945839
13978.403919816972 13693.022707190641 3186.2757143806566
13980.814665924821 14007.395180675714 3136.769877272775
14008.243553543034 13689.924924258525 3182.009801245895
13980.665019299768 14017.3940609074 3135.21931420836
14031.823644507476 13708.471603479038 3175.371889071057
13970.698090905684 14016.581448830686 3136.9509866676663
14050.758761140662 13731.740925731474 3168.728211716964
13966.60158983697 14025.703876084111 3136.1734526797145
14080.208082781997 13726.019260338846 3164.9128144383108
13976.527053147209 14024.48519725969 3134.7682186714887
14084.130389601092 13696.276773737742 3168.920210440891
13967.721866283011 14029.22531163453 3135.4385247479986
14114.09717530234 13697.688069148164 3163.9086402486173
13959.321652306015 14034.650844340234 3135.9354620913473
14085.391980016437 13688.969596598567 3169.856331182229
13951.038336361637 14029.048462974635 3138.1499555017326
14091.76209514923 13718.28549046512 3164.270602081612
13959.579643047846 14023.847878383252 3137.595221030729
14076.07560232517 13692.713358311528 3170.7616370301375
13950.256084085853 14027.463296517059 3138.525263243697
14061.76868682535 13666.344585702987 3177.144830621163
13959.00206941301 14032.311774696564 3136.3553044040555
14033.01402820918 13674.898509239445 3180.3984216795593
13968.106028028948 14036.449157627754 3134.2385166982012
14008.23453506396 13691.809355447309 3181.7187408648565
13974.655913752606 14028.892769799762 3134.3749448206468
14018.675417083961 13719.933864023362 3175.685968683056
13979.969185364333 14037.36443697807 3132.184158080047
13996.649710328811 13699.56554936711 3182.358684295268
13989.689300964836 14035.01510670907 3130.988829866042
14020.335638713632 13681.1542268576 3181.446206197921
13999.093531858975 14038.415171603996 3128.9368640179027
13990.919747903547 13675.263100662285 3187.039402447066
14008.233632807098 14042.472086029778 3126.8226601927217
13967.89981353075 13694.500632246982 3187.7159878113757
13998.556551942793 14044.992821229218 3127.9854009831483
13947.178238864222 13672.806938616355 3194.3648976429604
14008.268105682924 14047.377296842964 3126.042594143364
13922.248523987982 13689.495537005356 3195.7360603965867
13999.128127032016 14043.320106896592 3128.1572466436637
13944.806075641161 13709.273223002816 3189.094866684199
13989.988148381108 14039.26291695022 3130.2706943635685
13974.799637782915 13709.894697096244 3184.231852488478
13999.88546168919 14040.692318671805 3128.4498549142386
13945.630602512612 13716.906642717811 3187.780694686728
14008.562288306133 14035.721133716537 3127.835299257792
13937.208361895446 13688.113138884715 3193.5777851098
14018.252281407267 14038.19176798732 3125.882199271733
13908.772788889803 13697.674424773171 3196.606754045438
14010.903015604006 14031.410301173053 3128.1381588610093
13878.773289442497 13697.847724834171 3201.3304307143935
14013.38031418938 14041.098592648794 3126.2092660325525
13856.750038806153 13677.476754523243 3207.9562860155124
14023.170064971026 14043.138391568607 3124.3072825599656
13855.1179631401 13647.521181936156 3212.8295047624506
14032.69996623805 14040.10837806356 3123.247425215499
13831.876167476108 13628.552288075065 3219.4104601181307
14029.34041921051 14049.527159501185 3122.301492057747
13817.111013023388 13602.43734572423 3225.743036170889
14036.06121774932 14056.931946263863 3120.0449979298774
13831.177580252315 13628.935113298012 3219.4616300114117
14043.702928646098 14063.382082275613 3117.789310185749
14000 14000 3134.8468809073725
14015.759659664533 14025.527105736024 3128.283367822017
14009.649660284922 13997.376251462962 3133.706477649801
14026.283579927245 13997.433563732495 3131.017668872006
14018.99866433392 13993.827149704512 3132.759872983371
14055.013624683674 13988.79733027724 3127.7469079850953
14025.534872406368 14001.395371690794 3130.5137352079637
14042.287435527121 14015.96429752704 3125.513062879228
14016.038189852648 13998.262797593687 3132.5378074308
14013.797387865963 14006.566575235714 3131.590038752319
14023.09391353702 13991.176418878871 3132.5178313811143
14040.794181500247 13993.483260156276 3129.301284886863
14018.067949127813 13999.821630371795 3131.965127707692
14015.336116371647 14009.354205934898 3130.902607623849
14015.316895366412 13990.207489578053 3133.9231458007725
14035.342236653507 14031.709410055366 3124.1476971253323
14025.110319438829 13992.229578828756 3132.026992911583
14063.483332955368 14021.313319495477 3121.245056848904
14018.118457887269 13985.080182207794 3134.2796117635116
14063.612486607075 14051.313041483094 3116.4793073540413
14010.816104412701 13991.912139008922 3134.3793880076514
14056.903783770184 14022.072772909665 3122.188091799103
14020.6896405949 13990.326805208482 3133.0390131661106
14036.312475362956 14000.255394101054 3128.9559228027038
14030.689256822467 13990.239196411114 3131.4416964126067
14019.655315509746 14025.206126066761 3127.7057658920894
14032.925784910078 13999.985885187993 3129.544516966624
14027.146773256161 13996.156546709502 3131.0798634373205
14029.501969992405 13990.590274967813 3131.5776957356766
14037.675774516658 13968.064908586095 3133.809705868507
14027.525016214366 13980.787639926179 3133.440798116471
14058.081120255169 13946.073504235943 3133.9856847170013
14019.23124417264 13986.37453041373 3133.896538553842
14080.350594382155 13925.97199876726 3133.562415764914
14009.308038554544 13985.137602662822 3135.689017030646
14065.49735582558 13952.036942741524 3131.8514159596884
13999.40828381936 13983.72520888514 3137.5044326872257
14035.540086800878 13950.436307685806 3136.928639943839
13997.602793354907 13993.560868709614 3136.246712143701
14012.75533120243 13930.920803277286 3143.66046315247
13989.513403092196 13987.68194319745 3138.473425936848
14025.488890266493 13903.75728963192 3145.8796484513214
13990.442665844648 13977.72521327559 3139.8903242887945
14018.26889596527 13874.639053382272 3151.604017603568
13982.003317620993 13983.089670523055 3140.403350828591
14031.243204261657 13847.589703589158 3153.7598908596806
13972.308354416286 13985.540729163595 3141.5760565317414
14001.337484784854 13849.966243631901 3158.1786969369628
13981.592395727628 13989.256449407274 3139.49943827218
14030.996994927342 13854.473289017482 3152.7216231507637
13988.06296805498 13981.632035085076 3139.658440640203
14052.528362721874 13875.363482910709 3145.9919896047068
13981.527900752559 13974.06282803593 3141.8990700650875
14068.071513270272 13849.703972567955 3147.5198270163755
13985.930954952477 13965.084347445509 3142.602809130057
14092.944237055539 13866.477392359451 3140.889888671313
13980.015799702323 13973.147283533968 3142.2859446952884
14106.137158226198 13893.420792868385 3134.5302252202496
13990.015426420841 13973.060880465095 3140.692518313648
14076.138448168915 13893.142593481245 3139.404561040808
13980.278456492957 13975.339348508209 3141.8991713530795
14054.590085030326 13914.015256129971 3139.590984569523
13970.899240647237 13971.870874763259 3143.950933317485
14031.964107716116 13933.714625423854 3140.133805473686
13980.396772716238 13968.740877223594 3142.917272611832
14061.953168164082 13934.524720139452 3135.179959519408
13981.410230650861 13978.68938982673 3141.190619365406
14085.575687112334 13953.017329434506 3128.4589325060974
13974.419662297283 13971.53872873184 3143.437724251362
14090.217526185888 13923.378616068112 3132.3804714474054
13967.818532880068 13964.027065106704 3145.6776460485307
14060.333615975278 13926.015263660074 3136.779685776706
13958.168161129452 13966.648195602293 3146.8149011607725
14031.676854158251 13934.891636915081 3139.9949766314617
13967.925049197276 13964.45658997355 3145.59309506772
14056.840633151745 13951.225167665247 3133.374333993879
13969.639252877912 13974.308569761455 3143.770267501006
14086.724622828815 13948.589420905631 3128.9716437735465
13960.386633629316 13978.101858181875 3144.660026639747
14061.258905951208 13964.44808616818 3130.579041651603
13952.242899135326 13983.90526997938 3145.055705883658
14079.83174372053 13988.00757888756 3123.865344014657
13957.870179002195 13975.638848667835 3145.4508991514595
14084.179744587966 14017.690821440501 3118.4720034992147
13957.210419036614 13965.660636564065 3147.1236185666794
14055.694800309184 14008.277641880186 3124.562422598833
13950.412836711359 13958.326273978852 3149.3650165659606
14027.834283686125 14019.40380984118 3127.3022233710403
13949.129612315017 13968.243598978499 3148.0145624655684
14040.060231230082 14046.799543207024 3121.001027160726
13939.811075599275 13971.871942054526 3148.939646898457
14046.790967884572 14017.564338673998 3124.5334494283425
13931.877508817983 13977.959512844815 3149.2564596896386
14051.699427315452 13987.968612191693 3128.41226329414
13941.256201782679 13981.429400202347 3147.2076406901715
14059.204895082546 13958.922649415481 3131.7808566834556
13931.655594617338 13978.631482752386 3149.1865896736663
14036.42720036177 13939.398904303256 3138.5221325777106
13922.856702554413 13983.383271727604 3149.851555048481
14050.323636199217 13965.98628986513 3132.0993574432437
13930.731247154685 13989.547000091046 3147.6214349376373
14038.100166185252 13938.589450981463 3138.3802613275884
13940.280732007212 13992.51471622494 3145.623235189757
14019.950887126328 13914.70213908495 3145.0512256245765
13950.266407818508 13993.049766308284 3143.936212849166
14046.331647303592 13928.986938434948 3138.56588797563
13957.063326847116 14000.384743589679 3141.691485256523
14053.796831566722 13958.043280667196 3132.7909444068455
13965.253615828722 14006.122266260463 3139.4727523434017
14076.602164359227 13938.55182622626 3132.185626814082
13969.013181504584 13996.855893403252 3140.3261862482113
14100.41001960493 13920.29844219481 3131.222224155023
13960.432672602241 14001.991540098343 3140.897413158188
14125.994351958452 13935.965028869145 3124.6230291424267
13969.927937743887 14005.128407945393 3138.8776372826032
14121.652614662835 13906.280869503316 3130.003893738008
13960.133357140938 14007.144887752464 3140.134899730959
14151.48104072124 13909.484773196966 3124.6827987445536
13955.736528960086 13998.163356594134 3142.2539147792086
14180.217845328485 13900.871059656045 3121.396273983044
13947.391470642393 14003.673347671649 3142.728043721254
14159.835713025857 13878.858138841257 3128.1615234130727
13946.811329403821 14013.656505295532 3141.2513808799076
14130.002016087235 13882.012584430331 3132.4786014981228
13940.902008949028 14005.589291912798 3143.468987714973
14109.196891255104 13903.626163049325 3132.4308374202033
13934.236672285875 13998.134542610049 3145.7103700107086
14093.009896340625 13878.367873407335 3139.011298975454
13924.983138536521 14001.925599606397 3146.599611977229
14093.96535993746 13848.383092445734 3143.56632494032
13916.105946205429 13997.321747272015 3148.7462379234607
14081.505629107294 13821.092890767479 3149.846656560725
13906.823361710703 13993.60238911525 3150.81780393145
14051.707148633239 13817.621498908673 3155.169568451428
13914.181411523634 14000.374324064025 3148.5756052359557
14078.333311155873 13831.443491142727 3148.734253719437
13904.389024964832 13998.347216399641 3150.463414944216
14074.99293366032 13861.256942438866 3144.5958816063458
13914.248997954737 13996.679603543387 3149.1447469201057
14045.606277566212 13867.292209094669 3148.3693144551303
13922.778053118001 14001.900256569781 3146.9573298899895
14018.395426597155 13854.660123378535 3154.712278512433
13929.517579941783 13994.512511433983 3147.036421555056
14018.823569091333 13824.663178634033 3159.335379289797
13919.531345182439 13995.037025810583 3148.5556673314586
14046.859654000928 13835.339223919718 3153.1739900982384
13919.670442383898 13985.037993258953 3150.102646648171
14070.179588537903 13816.466474962792 3152.388501078557
13925.300213854309 13976.77326863009 3150.496963829368
14068.158801985594 13846.398337947077 3148.024027403155
13925.691796073503 13986.765598857099 3148.8662311415233
14074.901875909045 13817.165976529242 3151.5214228679474
13925.742684735957 13976.765728340735 3150.427227817018
14047.919691422245 13804.052558960955 3157.8982299504987
13933.40109136094 13970.335424462504 3150.208436066918
14018.058632994302 13806.936512768314 3162.2270964124905
13928.690683148678 13961.514310333674 3152.3467196781394
14020.810402531599 13836.810042262057 3157.1181714266268
13918.99779219328 13959.055069612075 3154.284670532178
13991.044379020095 13833.070544393013 3162.4660638356117
13909.13766843636 13960.721790793983 3155.60203885451
13995.114243041598 13862.793199167552 3157.168804168703
13906.30769567797 13951.130583665223 3157.5569974806544
13965.58869342801 13857.47888641655 3162.723325820464
13916.179986317373 13952.723655393414 3155.7277411164487
13983.302790572397 13881.690676155418 3156.103202340225
13906.387844253155 13950.695367003127 3157.612316064419
13953.825604288419 13876.114343240353 3161.692060289961
13916.368223496362 13951.321490123428 3155.9172407606966
13937.811544177772 13901.482628140451 3160.2867389596204
13920.7631563822 13960.303948858595 3153.806258655046
13944.748888665607 13930.669495931585 3154.6083658834477
13921.947774344471 13970.233534966961 3152.059883429736
13915.093056619533 13926.138312239102 3160.0632008736525
13918.350298909862 13979.564031764956 3151.172977926229
13913.669279762942 13896.172116960712 3164.9748839133463
13919.812754725222 13969.67154860914 3152.490038758117
13931.806315290616 13920.068726391088 3158.339747725612
13929.607882037028 13967.657726137935 3151.2364151726124
13907.671011268756 13937.8868940795 3159.411878670422
13937.945791256156 13973.178529508239 3149.0337146944867
13898.617879036658 13966.48830657588 3156.382270367223
13947.94408253238 13973.363385007924 3147.401075497349
13928.043848718204 13972.328880888452 3150.754414342734
13956.744836034524 13968.615044477327 3146.734495296205
13941.991552073745 13945.768354329179 3152.684123214265
13959.333714746941 13958.955970659801 3147.835371478862
13950.464989075324 13974.54683353466 3146.810815812937
13957.799242323172 13949.074402242759 3149.6319689447782
13927.188923142585 13955.620007210768 3153.5112474382213
13956.6155223286 13939.144709046368 3151.3789513081965
13909.631113177056 13979.945370706806 3152.5100742161585
13952.206785350952 13948.120400566353 3150.6782469543587
13922.799663214786 14006.9006909591 3146.1684401530756
13946.157985798714 13940.157233861024 3152.896057447203
13901.851250120088 13985.42596188482 3152.8967634793207
13942.150398248677 13949.319070032272 3152.10206978207
13874.392562376695 13997.509854776223 3155.398186259342
13949.324161498143 13956.285928782141 3149.8596675016015
13864.329254623068 14025.77166358344 3152.577453462236
13959.32384331815 13956.20615724197 3148.268505126999
13860.531604826157 13996.01300339821 3157.849926349756
13949.338410458731 13955.66659203737 3149.9545353845233
13858.319005871652 13966.094707894179 3162.886057275602
13959.249237627055 13956.999072746275 3148.1560403551684
13828.522203149238 13962.60894434489 3168.185914802603
13969.249233537987 13957.008116051053 3146.5500958643834
13843.406074158765 13936.561480288445 3169.879687906041
13975.575424449866 13964.752747000713 3144.318270772893
13857.046500173834 13963.281113110163 3163.529248851557
13970.929125969851 13973.607796996881 3143.67322396281
13885.984061595496 13971.194237585836 3157.6663985165455
13979.645036875918 13968.70546111717 3143.0435990483875
13900.637584507354 13945.016493865805 3159.4208966778724
13987.013285107329 13961.944624038795 3142.9223201261334
13926.118109789417 13929.181632598646 3157.823587086927
13978.676208088142 13956.422564026794 3145.128780972931
13918.845462301953 13958.286762705262 3154.4294566281487
13968.898909713225 13958.521238963001 3146.3687629046153
13936.836192991464 13934.279813518464 3155.3098950560925
13971.72628028087 13968.11321350807 3144.40846823294
13908.50148282834 13944.135989245984 3158.3010602049294
13971.053286282426 13978.090541761569 3142.948833394358
13924.52548294619 13918.773981828921 3159.7069111274704
13980.807391820812 13980.294498463962 3141.0351253962567
13904.750641273075 13896.21393668705 3166.3923788861002
13974.19675745847 13987.797798626385 3140.9176835743683
13927.161733289604 13916.157430729636 3159.6946265668703
13964.419332574926 13989.895884098103 3142.15886197535
13911.441336636324 13890.606126867337 3166.199873512668
13969.126815553689 13998.718559656269 3140.01492213008
13883.137065382982 13880.662876452247 3172.2661485448075
13970.679455655936 13988.839829539857 3141.3190687341316
13913.13149535598 13881.240951356536 3167.3920860943126
13960.961113291463 13991.196484306025 3142.5099388891244
13941.55291462693 13871.63767448742 3164.35294737831
13964.970633995656 13982.035493981684 3143.305841545628
13970.139876995161 13862.539016204066 3161.2049682815023
13974.377322254673 13985.428754360386 3141.2611928241886
13997.669348927884 13874.460768386754 3154.933723402716
13964.39584522611 13986.037126227155 3142.769225693223
14022.815388013758 13890.821597164408 3148.338140231102
13959.058335005959 13994.49354300081 3142.2972697293117
14012.088806741269 13862.8048083726 3154.447997255773
13952.802352954091 13986.692088741076 3144.5280669660306
13982.100719388574 13861.959458192368 3159.382198270253
13951.096168342461 13976.838717030285 3146.3496555385386
13990.403426327272 13833.13125919399 3162.5590714140453
13941.542132322673 13979.791748647553 3147.418888208974
14003.890082085756 13806.33368250407 3164.5867021587655
13937.130689881205 13988.7661107745 3146.717467949285
14022.928822858292 13783.149067997976 3165.161080948359
13940.56611438937 13979.374739285271 3147.6409227959175
14039.095254753845 13808.420523827952 3158.6286489707245
13935.781782373917 13970.593499784727 3149.7862997765906
14026.564818359893 13835.678333053515 3156.3734883168227
13944.308003564014 13975.818779893729 3147.598917910474
14052.54208563039 13850.684384671351 3149.8591428009854
13935.266182672927 13980.090252119262 3148.378665553724
14063.016871857208 13878.796283459986 3143.768043731015
13928.457553592034 13987.41436094142 3148.3208987502094
14033.494853059532 13873.462391249823 3149.345911680251
13920.519218094892 13993.49571190439 3148.639219998794
14017.689817956149 13898.961427807717 3147.88420609658
13914.041064479981 14001.113685765044 3148.482035223318
14046.582402580614 13890.885627307573 3144.5114657593326
13919.379339417954 13992.657751713348 3148.9535164182666
14018.280530013108 13880.935551470042 3150.6155460683494
13919.346838648626 13982.657804528488 3150.5279541205355
13990.546746753565 13869.497139599825 3156.8513211508243
13928.462979957612 13978.547334040262 3149.711648996229
13992.325989718533 13839.549947837131 3161.248904909857
13918.685175761413 13980.643651072769 3150.949964501041
13977.75855886804 13813.324197925716 3167.6709596931933
13913.070611021703 13972.368588367048 3153.147125168166
14003.995637876393 13827.871214290231 3161.2068321012234
13903.148753556323 13971.12089271639 3154.931343486477
14032.888709327917 13819.797155701324 3157.8441479786443
13894.194405596025 13966.66896587446 3157.06171922096
14025.455937433324 13790.732505317 3163.573733398501
13904.168484436103 13967.388515241704 3155.3529408945687
14017.254955790102 13761.87520294676 3169.3842571182518
13909.782799726847 13975.663747191089 3153.1570979413027
14008.43718430468 13790.550050915508 3166.3225579298037
13911.25002661205 13965.771970542412 3154.4726089964443
14004.653887838014 13760.789562548458 3171.5647720291254
13919.634011838652 13971.222547733874 3152.2754829417163
13976.098638590373 13751.591859552327 3177.5486788361704
13925.121640636713 13962.862767223914 3152.7070793054168
13959.05298064297 13726.904908644203 3184.0964692431035
13918.661876952727 13955.229193149666 3154.937929148947
13981.806528215951 13746.456790212074 3177.4377786643154
13924.777585561718 13963.141089774996 3152.7185611716664
13951.860567322725 13748.256630810934 3181.9256091574625
13917.52788739103 13970.028896133621 3152.8000150364205
13950.342853212409 13778.218215279707 3177.5106109201524
13909.825152842302 13963.651758807842 3155.0329516332404
13980.333780039367 13777.480442916405 3172.8455534625555
13911.029523629913 13953.724549179455 3156.3952875756604
14006.438843340504 13792.263056692178 3166.374665971498
13915.09878251995 13962.85916094383 3154.312847836668
13994.494010943023 13764.743591235958 3172.5700514126142
13921.843207234942 13955.475886923194 3154.3899135229085
14010.530241537645 13739.389315298435 3173.958508486043
13928.889525686449 13962.571617772088 3152.1490901191373
13995.400778531444 13765.294900587016 3172.339563394995
13935.549242492492 13970.03138801408 3149.911770179831
14012.002993070228 13790.282226822694 3165.794544253203
13925.595324812819 13970.990305542478 3151.3567629167446
14022.716905026882 13818.303862938114 3159.7060484997332
13929.090874514095 13980.359464111203 3149.326628069685
14043.458742856334 13839.978183307083 3152.9930696545507
13920.612196724647 13975.05738688216 3151.517388075139
14025.342604343501 13816.065727862611 3159.635530502118
13915.752170695312 13966.31781326589 3153.666162733086
14053.682954911774 13806.225782249581 3156.635263441881
13905.765559081881 13966.83510281971 3155.1840137228514
14082.505687249182 13797.904117716202 3153.3166383904017
13910.802725251093 13958.196413278829 3155.731144280948
14086.545086151365 13827.630928115386 3148.013130175388
13905.24031435632 13966.506622965577 3155.3195545656986
14062.953259281623 13809.099179548452 3154.7001916440527
13900.668554756785 13975.400385620609 3154.6577367563773
14053.996741623647 13780.467365225179 3160.61022516325
13910.169665960542 13972.281269416644 3153.625391871607
14048.126173502596 13751.047364716407 3166.1400022507933
13900.173569180215 13972.001896622076 3155.269524687258
14025.37793117636 13731.489310849349 3172.8193715093034
13892.02354163925 13977.796467450144 3155.6659694386294
14026.771898051291 13761.45690762239 3167.929513308661
13882.811532221744 13973.905595762231 3157.7492288938774
14055.632119983016 13769.647609060703 3162.0378516742185
13892.275646130938 13977.135231641676 3155.7292285658505
14026.161002472976 13764.039290889503 3167.6245843170545
13886.138733145142 13985.03069229985 3155.474172227839
14006.905308152576 13787.04403466637 3167.114073386435
13877.568148092729 13979.878501323252 3157.652453067148
14030.658031667008 13805.36910289672 3160.4560691276347
13869.074798779784 13985.157044441226 3158.1840512959616
14001.069858951829 13810.322892898 3164.4148953593394
13867.02443116264 13975.369501714138 3160.0441463481966
14028.15151444141 13823.229632840515 3158.066101724567
13863.420206387058 13984.697393424867 3159.1600829837853
14005.145503762526 13842.483813494156 3158.7390841384245
13868.736031486633 13993.167458566926 3156.983559757819
14018.648312981437 13815.694372604177 3160.764877614865
13877.411059298063 13988.193135249036 3156.3751523799906
14008.939023362294 13787.308994412375 3166.747857496431
13871.27367031631 13996.088225906315 3156.1200006783724
14036.40899121024 13775.2507662493 3164.2382345111964
13875.368246366144 13986.964934451356 3156.894361363378
14031.45147062589 13804.838314131066 3160.4120072992905
13873.928159457373 13977.069170221384 3158.674449587469
14003.287565487015 13815.172454024081 3163.3033316043075
13878.863778839941 13985.766276712076 3156.522956049494
13973.287646300616 13815.102820630336 3168.1074689380553
13871.106611853127 13979.455463742364 3158.7519598355047
13985.108227259041 13787.52975649511 3170.518616879866
13880.28334206303 13983.428827890619 3156.66203966182
14000.352828963662 13813.367754073628 3164.054251595959
13889.472245873925 13979.483698392854 3155.809888088449
14012.772236587849 13840.676329910977 3157.800722009427
13891.291669533106 13969.650606430077 3157.0591269926326
13983.02678106949 13844.576057594453 3161.950909411267
13884.162920438863 13976.663518546406 3157.1011443362113
13957.608024065628 13828.642232178734 3168.499174546358
13888.095909389938 13967.469411851858 3157.911891214947
13932.475309345327 13812.260942522911 3175.059817354152
13891.116781261991 13957.936608846832 3158.921192624709
13941.562059985805 13783.670192921025 3178.061046053639
13881.165680228614 13956.948890150281 3160.666593798197
13954.461303050555 13810.755420044985 3171.789379624007
13872.097936794213 13952.732727320425 3162.7748898585187
13970.384259768476 13836.180986889389 3165.282653875163
13877.88099990834 13944.574530153279 3163.126795690339
13968.468149449107 13806.242240735884 3170.258082629084
13886.75332999427 13949.187745826355 3160.9877811514075
13950.786911785879 13782.006444180037 3176.8506491320913
13887.135273238111 13959.180449132193 3159.363124886449
13933.416333724053 13806.465859908914 3175.8119395012254
13884.060531264597 13949.664884945225 3161.3434803981854
13925.344728924281 13835.359616950122 3172.5988427189004
13874.884160415695 13945.690690933425 3163.4309371008135
13938.853998153478 13808.573433106709 3174.6174541421724
13880.151224303707 13937.190218123069 3163.918575817279
13962.693730709512 13790.361701951853 3173.6528512395344
13871.751664584473 13942.616763665405 3164.411661206345
13957.355551537546 13760.840458022642 3179.0958532173345
13862.346921333366 13939.218116231388 3166.4439004101328
13977.10794151712 13783.420163292967 3172.4351464731394
13867.38669135078 13930.580945504144 3166.9888006541523
14006.449858051566 13777.171008623282 3168.7259962549488
13862.119371223906 13939.081259538403 3166.501589857855
13976.800337635874 13772.598707329687 3174.16895610862
13852.120658392025 13939.241701757257 3168.071672455782
13973.301265460635 13742.803464522949 3179.3602646091967
13842.236110670954 13937.72653960426 3169.8843558932663
14001.815861197725 13733.480491287424 3176.267000972346
13852.225571557274 13938.185528929487 3168.2198576950564
14027.45294066127 13717.900370730127 3174.6025770141914
13845.437723151517 13930.842156814411 3170.448402573511
14039.137065489316 13745.531534784554 3168.4361011003293
13846.96355665885 13940.725062870219 3168.6625255434346
14013.095354044548 13760.425468617743 3170.2742043821436
13848.347649166913 13930.82131166529 3169.98779338723
14043.086763549192 13759.707585671333 3165.5951461298027
13848.939526499285 13920.838842971454 3171.4510019397035
14019.736706725847 13778.543053447487 3166.389671204207
13839.179543191773 13923.016622996402 3172.666404817509
14032.534099004044 13751.40955476269 3168.574898305421
13846.222866468835 13930.115326907313 3170.4366725479713
14002.694745541989 13754.510036171525 3172.855030233268
13846.86909042774 13940.09442479214 3168.7760499318974
13990.525806443138 13727.088932597662 3179.0592780300044
13837.007263613938 13941.751039380562 3170.0897247229627
14011.061145302272 13748.959000223085 3172.3844364188726
13827.852911253785 13945.775692516694 3170.9205954714807
14002.219174187647 13777.626395410094 3169.3305352089774
13827.206988108628 13935.796575156399 3172.58038327242
13973.671698357217 13768.404593866413 3175.320370774769
13828.557038703093 13945.705024247573 3170.819416870381
13948.118111938593 13752.687907792502 3181.83277098111
13821.328136286165 13938.795395469806 3173.049018064081
13928.647851316728 13775.511337668764 3181.3847163612713
13811.531010543684 13940.799473109519 3174.2965078161487
13950.609820128248 13755.074314257274 3181.065613866535
13814.435384712615 13950.368413003092 3172.3416254298595
13933.231869723042 13779.528492626507 3180.031045607054
13807.557597715688 13957.627617231168 3172.304554515645
13958.64438068209 13795.472277834426 3173.5027293255293
13813.527940314161 13965.649774625339 3170.101362388894
13940.622547134624 13819.455887145525 3172.6407766602956
13810.119990844547 13956.248398108437 3172.1116136740575
13957.205172679716 13844.456217743964 3166.0963406418014
13819.565785208788 13952.965568714686 3171.1190772645705
13956.096394314163 13814.47671457036 3170.9487219629577
13809.94464205551 13950.239104993278 3173.0770023514615
13941.405797897185 13840.633671138614 3169.21501236294
13819.011495633531 13954.457181118092 3170.974612479401
13913.891802147948 13828.676245081517 3175.4648938981145
13824.723853549449 13946.249321041285 3171.3452809046444
13911.194968843829 13798.797706125775 3180.542338946122
13814.734461956275 13945.788826092083 3173.0083644773504
13892.540571483376 13822.29267280203 3179.8571953492255
13824.475059651993 13943.525917227329 3171.809844028743
13883.606496849698 13793.65384757403 3185.727267030402
13815.264693084131 13939.63115822508 3173.8842350688883
13907.507926108914 13811.78453094137 3179.109775418619
13805.402666591717 13941.286583687894 3175.1960651563813
13911.52223290187 13841.514740173261 3173.8430906597937
13803.096964265318 13931.556026829108 3177.0793530403967
13916.847063046454 13871.03839482392 3168.3912641309053
13809.025479239372 13923.502908786857 3177.39079942854
13934.660270482127 13846.899429625433 3169.314255954637
13815.235345426836 13915.664697132801 3177.6238404359906
13959.441292825592 13829.99082437211 3167.9961864492434
13819.171105703188 13906.47177643005 3178.42938876015
13950.256659753442 13801.4313685767 3173.912033135413
13829.107137420406 13905.342496254703 3177.0245868216434
13945.981149129428 13771.737598036332 3179.2127932674257
13824.564356443652 13896.433896982246 3179.1343639097586
13944.34726748361 13741.782123899417 3184.125835622307
13815.073545096424 13893.283579542476 3181.133507882919
13960.85548695791 13716.732599157649 3185.3882010888337
13805.321503358931 13891.070508836377 3183.027287978927
13977.804544547878 13691.979226724547 3186.5327781271544
13800.700314895235 13882.202328798568 3185.139779418324
13972.482384339499 13662.45509065393 3191.951855287148
13809.97784555706 13885.934275317333 3183.0862835316825
13957.48587361846 13636.472314316637 3198.3483060814324
13801.773916453312 13891.65227735132 3183.5003259062596
13964.805011636783 13607.37884050087 3201.681288361904
13798.834083040347 13901.210382786187 3182.4808926894566
13944.142784033364 13629.129066947151 3201.595738150461
13802.734898565668 13910.418185902969 3180.428407514799
13952.051387518228 13658.067864277366 3195.871817634959
13797.573715214925 13901.853013025553 3182.581162207116
13955.005379965927 13687.92207551496 3190.7831878415936
13789.391909906428 13896.103398960779 3184.7745340666106
13925.358621519783 13683.331899740992 3196.1964251861486
13797.201997064341 13902.348600205398 3182.5631298313324
13946.267511370177 13704.845112546707 3189.5489729248607
13793.13907236202 13893.211169337628 3184.629190880781
13955.37666730864 13676.261493495076 3192.5296626043455
13791.57720151316 13903.088444237694 3183.341506751628
13973.829503755536 13652.60789277417 3193.261937496941
13800.90152315867 13899.474993552953 3182.4223683592327
14003.377687084621 13647.420903093167 3189.3731768457806
13810.833123621891 13900.642603179049 3180.662482203691
14029.72219182104 13661.772455977536 3182.9595155324087
13812.35597792182 13910.525968738471 3178.8820109406292
14055.267720805956 13677.50223502496 3176.4476973680976
13803.85976573045 13915.799902602224 3179.4118810660157
14064.192298661112 13706.144021109409 3170.568776110666
13796.63252981404 13908.88853074068 3181.6362362483474
14093.915298963911 13710.211360903395 3165.1849855381315
13805.29011068507 13913.893157945737 3179.481309761315
14087.81731319081 13680.837655493437 3170.7346327453224
13815.187165300926 13915.324349732591 3177.684513069488
14113.77102647531 13695.884408191145 3164.242020327665
13822.25697355602 13908.252022588276 3177.6613097507297
14091.933288267042 13675.31469283222 3170.936700282498
13816.91130859749 13916.703286763011 3177.1954504501205
14077.172857364101 13649.197080392345 3177.3524649068313
13808.509459510424 13922.126287032066 3177.687311255214
14107.16623080378 13649.827595822759 3172.46873946097
13814.368171772705 13914.022245409036 3178.0175758782902
14098.244243149475 13621.185002778544 3178.3424816855286
13811.046129087901 13904.590170748585 3180.0142828684484
14127.645188310576 13615.219734667735 3174.5786357197435
13801.401946965398 13901.946356990398 3181.9584383450483
14102.418084812201 13631.455289757792 3176.0819997703884
13791.487187425655 13903.249255017525 3183.3307949481864
14112.596859843976 13659.675717445065 3170.069367719507
13801.48308810869 13903.535558239484 3181.698316379233
14105.725519473694 13630.473240126938 3175.706895044336
13798.121837597653 13912.95373189482 3180.7669998263486
14115.653254658782 13658.782957082336 3169.7199329201585
13792.225169805912 13904.877265529272 3182.960393561572
14145.329669430881 13654.388596346755 3165.659092409627
13798.678257856993 13912.516483722582 3180.7466144606337
14171.543034127593 13668.978302007843 3159.186821604529
13797.817338506407 13922.479355691637 3179.3326395504046
14192.969197364415 13647.980218072658 3159.0285331302703
13791.23025953285 13914.95536801248 3181.550661363061
14206.028241820695 13620.971675759367 3161.1473429373336
13789.884091931226 13905.046390628899 3183.3059199510035
14209.707778487036 13591.198180668582 3165.1962063505475
13792.272905048121 13914.75687835571 3181.415877222493
14237.620849617935 13602.191836113489 3159.010666728064
13784.896306602777 13921.508603718621 3181.5373242833593
14260.820483431044 13583.171399973964 3158.2552657291517
13775.218314540425 13924.025838241076 3182.6830423673423
14249.162184331546 13555.529329463478 3164.4305436963086
13783.21632335044 13918.023184238475 3182.3465170462987
14278.334809071297 13548.532332550967 3160.8446434866255
13790.798874267444 13924.54276410155 3180.1270937385752
14307.638129776034 13554.960037870544 3155.1398468365423
13796.586854801846 13916.388054950796 3180.476465248935
14323.3068891574 13580.543039638296 3148.626387380559
13795.769190130317 13906.421539788265 3182.1572053580785
14307.909119817914 13606.290053045059 3147.078765720478
13786.87926417924 13911.000755505436 3182.85708887779
14279.625289848032 13596.2888050112 3153.1894559005073
13778.312719804837 13905.841848888587 3185.0195239898135
14309.027672707405 13590.330627253621 3149.3937971410596
13776.835653667255 13915.732161099291 3183.71623333765
14280.656720513107 13580.579264703247 3155.475856037741
13781.57183466407 13906.924857904476 3184.333759856988
14252.648730540757 13569.829729936162 3161.645080598791
13771.640551337878 13905.754553886318 3186.0920431994
14259.983653552075 13540.740231755237 3164.998816612292
13767.539101058366 13914.874757042207 3185.3253574942537
14234.330150517268 13556.293295184769 3166.686636780785
13773.785907167168 13922.683560627842 3183.1193352754744
14229.070866122203 13585.82869644583 3162.9312930924557
13764.044287258368 13924.942064901132 3184.314791966139
14257.441524355094 13595.580914215781 3156.8619693640753
13764.906708220835 13914.979322804526 3185.72686555439
14276.113622431154 13572.100012328545 3157.527775940823
13758.254415417001 13907.51293141028 3187.942420184235
14247.935414638865 13582.395089094387 3160.442825241382
13759.599089504762 13917.42211157807 3186.1893800220046
14261.476972127375 13555.625213846539 3162.442476363572
13766.050795774545 13925.062496791423 3183.977524118173
14237.45528930608 13573.596267083152 3163.49312306849
13768.310821946488 13915.321229845993 3185.1334659710533
14259.28372437074 13594.175854606423 3156.7855175049294
13772.928534823255 13924.191220138418 3183.0209675527844
14286.570851872519 13606.642316522368 3150.4559578637586
13782.744054357154 13922.27926399885 3181.7593455628166
14281.831653087398 13636.265618074947 3146.586275087668
13791.771013460388 13926.582054877863 3179.655092416836
14310.188573920748 13626.473527345632 3143.5535963186007
13798.15460755118 13934.27943927024 3177.4412475921404
14337.23408296423 13613.491214740441 3141.228594218178
13788.331127198078 13932.408815376391 3179.294691703578
14366.212751409696 13605.729979327969 3137.7709195167713
13789.37037236551 13922.462963503276 3180.677864263378
14355.830928215297 13633.876342275253 3135.032943171028
13780.268784898577 13918.320367025008 3182.768465691568
14333.138571606605 13653.499210351658 3135.6175079683176
13770.399149042696 13916.710929833838 3184.585920947818
14326.27955590499 13624.29383578455 3141.302299527439
13763.174413665101 13909.79694410029 3186.807145552821
14334.900357471144 13595.559156730193 3144.4118467944763
13763.637262574835 13919.78622690171 3185.181074777386
14364.136004797889 13588.83034365609 3140.7535575207307
13755.998468986832 13913.33263623295 3187.396084819962
14348.025222793036 13563.52337419722 3147.308569541574
13763.610812539611 13906.847867491162 3187.196143756446
14323.667711494858 13546.01018935382 3153.960997237505
13770.556921915511 13899.654011464103 3187.2119047099204
14343.785871160135 13568.26461928771 3147.249862535567
13764.695522773325 13907.756109963626 3186.8829464138353
14315.249535489247 13559.008402648153 3153.285310774807
13762.091215545195 13917.41103533162 3185.7956633612657
14288.67842865428 13572.93593945711 3155.3803289763005
13770.635969254621 13912.216116271107 3185.247138040798
14258.926896833838 13576.789036177566 3159.554026277369
13771.80382356366 13922.147687965096 3183.5174331747116
14229.11181959158 13580.11486976303 3163.8145880261804
13781.758804571953 13921.199873044077 3182.083814051679
14254.920735428495 13595.40865488389 3157.2933600842703
13772.432850002679 13924.809107224872 3183.003568235554
14273.82778075678 13618.700791689134 3150.6201280886953
13769.742895730058 13934.440521763308 3181.932272691551
14284.487612386134 13646.743045336689 3144.518994640447
13764.662140719025 13925.82739640036 3184.079025467719
14312.932107757082 13637.208335949816 3141.430449665925
13765.389151505822 13935.800934153629 3182.4120996826396
14318.984366243352 13607.825174662858 3145.055776976765
13759.785068012548 13927.518769690132 3184.5901905419396
14302.211083438855 13582.95235849821 3151.642551263655
13769.693794333896 13928.86678404044 3182.8073166640975
14316.95182768878 13609.081087111717 3145.1865443201414
13770.29349527534 13918.884782298263 3184.2646724943424
14310.898683468862 13638.464065943906 3141.5614235204375
13764.616571472989 13910.652374622357 3186.445408630245
14288.55241746757 13658.480169355897 3142.0262008049426
13755.408789840123 13906.75150838504 3188.5119596588097
14294.606447415634 13629.097373005176 3145.6519156163245
13765.041596379313 13904.066543175108 3187.401298158535
14323.787620913909 13636.058631028232 3139.860764935206
13773.01128926555 13910.106741458198 3185.198034682102
14300.244270910816 13654.651927417844 3140.7421163832123
13774.578816995161 13900.230362728273 3186.484249782075
14328.150709036607 13665.662409293378 3134.5138877639893
13781.489277556293 13907.458470007017 3184.2639006580134
14313.892014001407 13692.057287885506 3132.6717267791155
13778.507799677842 13897.913272803171 3186.220840030001
14310.984492934984 13721.916060821584 3128.4483282927645
13787.098971953503 13892.79548432279 3185.652657538183
14340.703802864506 13726.010278367468 3122.99604299646
13784.664229289936 13902.49455789516 3184.5315794869425
14319.438403522612 13704.849399585391 3129.765534666397
13786.181124760189 13912.378839767522 3182.7536225753565
14328.322708820813 13676.195095905694 3132.8324610628442
13776.779664285019 13908.971121919194 3184.7764090204496
14320.457412477253 13705.145693713477 3129.5542644928105
13774.91412882665 13899.14667397269 3186.5994323632785
14302.605200942542 13681.035560090455 3136.2240202889443
13765.371197661416 13896.157951038791 3188.577457014569
14274.70395509688 13692.05919289729 3138.9942453855715
13761.838677344187 13905.513232980473 3187.6845909962803
14291.690775164627 13716.78666636277 3132.371864344318
13769.892185442855 13899.585247883942 3187.328040217699
14272.585275996596 13693.657033820502 3139.0851625885143
13761.684121715069 13905.297313170735 3187.7426477412628
14246.518459460092 13708.506985862587 3140.9568124426096
13752.635873058185 13909.555152557466 3188.5161855983115
14220.451642923588 13723.356937904671 3142.826340145934
13752.299609559606 13919.549497301346 3187.0167811231827
14222.312698501857 13753.299156795973 3137.8296777013175
13761.718915741883 13916.191421804202 3186.0443107154665
14228.120287096146 13782.73165439165 3132.2687877576755
13771.352207742753 13913.508198886522 3184.932585743442
14240.238258596119 13755.287989061999 3134.626924896969
13761.60190350149 13911.28748566712 3186.8250000080034
14218.425732679822 13775.884438104269 3134.909161416212
13759.65036883029 13901.479758487641 3188.658145510335
14247.664621977508 13769.169726447197 3131.246422684855
13749.772708975994 13903.039192937315 3189.981968221608
14274.944228652013 13781.652637152809 3124.8733812328537
13759.77062501545 13903.243337170637 3188.3651693296283
14302.749061347256 13792.917240065897 3118.596533311855
13766.082798174155 13910.99939738279 3186.158832359626
14309.073215822418 13822.243083108755 3112.940626453045
13770.978349449962 13902.27967389486 3186.737097825342
14300.690909520967 13793.43792834318 3118.8478344227715
13762.525122704505 13907.622234852852 3187.248053553585
14270.698230673468 13794.10066173661 3123.5990254778562
13768.905467769478 13915.322312570113 3185.038914806133
14300.613280961825 13796.356712765539 3118.3999074195126
13759.677352387253 13919.17482947369 3185.9045318184167
14330.589564524427 13795.164058677175 3113.7280190338533
13756.27847325107 13909.770169957384 3187.905142535412
14301.539123318165 13787.675943712678 3119.6193398182995
13764.60538218667 13915.307550888674 3185.7236634583483
14320.437296195443 13764.37660762985 3120.232348002827
13774.26228174479 13912.710573621853 3184.5946516420363
14332.313238089226 13791.925872667878 3113.9598366554587
13765.478617972354 13907.930693839598 3186.7315809154534
14349.294094513507 13816.65744186795 3107.292825428496
13767.255341267797 13917.771590868397 3184.920039126536
14328.993054822771 13794.569712526183 3114.0809061973496
13760.541018458938 13910.360931706187 3187.137268222055
14315.429713886195 13821.328557468336 3112.0537200038266
13763.14910902627 13900.707027646555 3188.223329000534
14344.66981716948 13814.61913424553 3108.366710799884
13757.284291150865 13908.806651791436 3187.895304854597
14325.1583085641 13837.407311705392 3107.9311746290964
13749.263246610428 13902.834814178077 3190.0944498852796
14301.777262829855 13818.610325234864 3114.698030685209
13739.385398795364 13904.393057593741 3191.417874396494
14280.149379297141 13797.820071414975 3121.4832506107214
13746.270840803525 13897.141113830014 3191.452450214786
14291.787981861224 13770.169701971598 3123.9574083406187
13755.566040715132 13893.453396568173 3190.5518320346496
14285.45820042639 13799.49433098864 3120.3597151957774
13765.308952567935 13891.200472106835 3189.357130685875
14310.698819823978 13815.708865592696 3113.7093776679967
13774.119420798534 13886.470181464856 3188.6945389676666
14333.407139918938 13796.104473266872 3113.1222921672575
13769.903581253295 13877.402287722161 3190.770573805244
14363.161336018002 13792.272004806673 3108.8967998418243
13767.780504112883 13867.63025909675 3192.623061486279
14341.160594999476 13812.66728354063 3109.2455032136086
13773.59908120582 13875.763165134173 3190.4391749032116
14371.16033303296 13812.541912402554 3104.3891101372374
13774.819609853683 13865.837929125908 3191.785747250426
14346.501067557527 13829.627597235538 3105.694003206919
13780.048183840865 13874.36213079296 3189.6341907130204
14335.120518433692 13801.870019862143 3111.933224655537
13784.633610965315 13865.475407094862 3190.286429174315
14331.404186973921 13831.638944607272 3107.8292249530564
13792.325762024937 13871.865306317539 3188.0746195204392
14318.807532714873 13804.411673325008 3114.1786766003847
13789.291961727968 13881.394002752944 3187.0760789253245
14348.700757139874 13806.940533439074 3108.9263778212253
13779.469610935035 13879.517456750156 3188.925614075705
14320.249084405568 13816.453804097477 3112.04207420458
13786.54581202022 13872.451525940842 3188.9004016648364
14303.936937420485 13791.276158045133 3118.662984396262
13776.796043598182 13870.228461453105 3190.7913091408377
14333.808483562938 13788.502941310118 3114.257853857393
13769.179987190113 13876.708869217213 3190.9928664498825
14309.299850072177 13805.804007300849 3115.5007282617034
13759.917338039933 13880.477599868329 3191.8759366255504
14323.341941679984 13779.29326111599 3117.408935282133
13769.901627026256 13881.037933195556 3190.206632986329
14339.874795598284 13804.326533800882 3110.773126616818
13767.377338188127 13890.71408769317 3189.1046938583136
14369.331103632952 13810.012122333892 3105.0871275053482
13772.879574601742 13882.363914374688 3189.5286843547788
14399.324039887202 13809.361142419873 3100.309251461509
13763.337725178275 13879.371739650533 3191.505541493179
14369.452243076421 13812.131657768225 3104.7318811416235
13766.817453981866 13888.746785647938 3189.498913608497
14349.553499602522 13789.680822412722 3111.516505130283
13758.607324552964 13894.4558814398 3189.9141549776164
14364.732627448222 13815.557338365297 3104.957098799799
13768.294481221865 13896.937613833144 3187.9927504596003
14387.076259288335 13835.57638220344 3098.1480106108806
13772.185302174494 13906.14964467952 3185.9441944263936
14387.621949199507 13805.58134557201 3102.8131064587087
13768.376172173563 13896.90353584196 3187.9850867707864
14417.465170412333 13808.644374733201 3097.467406966228
13771.91235833548 13887.549638930604 3188.8769266842514
14400.034185790768 13833.060778545449 3096.4354877664064
13778.337162150463 13879.886617598326 3189.0478866958056
14370.432682389619 13837.934277944425 3100.4847024516775
13773.90841424338 13888.852452304336 3188.3580647845415
14393.659813127622 13818.947429925869 3099.712302979791
13781.231123717433 13882.042318241147 3188.254189743251
14364.539796863146 13826.160241635362 3103.309431660772
13790.872671098794 13884.695724371568 3186.3123146742737
14361.640705468008 13796.300649054709 3108.506774515285
13799.696881205711 13889.40033019873 3184.180302010377
14391.606001392296 13794.8580679756 3103.862860396976
13793.616922391726 13897.339731991073 3183.911475830495
14419.875633365884 13804.89937805337 3097.6684175309447
13787.53696357774 13905.279133783415 3183.642477506775
14391.028691711166 13813.136729397664 3101.061667602882
13782.56128502725 13913.953384354052 3183.083641178309
14419.22083880352 13802.879885715365 3098.0953390137997
13790.291819935559 13907.60997596176 3182.8424550516966
14414.18128281883 13832.453571239444 3094.2251743311317
13796.392730933683 13915.53328871546 3180.6403527613124
14390.977272260592 13813.438474762877 3101.0222251961927
13792.855698884707 13924.886865800432 3179.746585843206
14411.099031022657 13791.1872989665 3101.2713933655436
13795.831709332291 13934.433769058342 3177.786665042085
14420.978962911031 13819.513734426704 3095.170300480903
13786.808255249445 13930.12363258547 3179.892571749405
14441.685076659513 13797.805283228266 3095.237819086875
13796.625385057914 13928.21996183566 3178.628267319785
14457.538995508594 13823.273955300574 3088.6056599519516
13802.223725013406 13936.50600973214 3176.447010638691
14427.563669296798 13822.057477394312 3093.692555890602
13799.930930850482 13926.77240326144 3178.328059764747
14451.76914730011 13804.33475653573 3092.5562810323036
13792.79077562201 13933.773701949065 3178.3730754095727
14437.01866466251 13830.457988762197 3090.8154422584794
13783.082465347306 13931.376054850327 3180.289763850886
14407.26822181158 13826.59649291556 3096.281919925943
13775.742200614859 13924.584846293848 3182.512867663392
14382.011794972772 13842.786394191846 3097.829487264559
13767.90002531771 13930.789706212394 3182.793025959367
14357.219750771152 13825.893953743382 3104.542278348028
13768.531207875649 13940.769766762238 3181.1397003486254
14363.046294054893 13796.465202608433 3108.252353570306
13763.15535406568 13932.337673557473 3183.305645486399
14390.444305539138 13784.244361119027 3105.7317543721374
13772.178418332798 13936.648626031283 3181.201711232211
14383.578805669003 13813.448212089972 3102.225025967553
13777.15540422514 13927.975125502233 3181.7608744680115
14354.521747356457 13820.910608636746 3105.7699625581936
13773.125734139543 13937.127270551415 3180.976697578866
14351.89517364265 13791.025811322294 3110.9237315512337
13772.05422443514 13927.1848429327 3182.6941118765894
14368.459229526326 13766.013173462956 3112.186497280932
13768.743557114185 13917.74876949668 3184.6873610221855
14362.680922179734 13736.574913252673 3117.770389509484
13777.394794875685 13922.76435372925 3182.5336081074474
14342.791655200353 13714.115682210117 3124.530941596401
13787.394058331536 13922.885722343266 3180.926132247198
14340.166883207099 13684.230726597243 3129.656261246949
13786.763778303592 13912.905604754462 3182.5791342843054
14322.770778073414 13659.789459727914 3136.303830713597
13789.738061991156 13922.45304611568 3180.6209736488045
14352.61834225728 13656.769043814487 3131.958460060656
13783.044011035125 13929.88202193998 3180.528448089494
14333.29062251531 13679.71330779431 3131.4773548883636
13774.448984388795 13934.99333458439 3181.098605246496
14356.01311974777 13660.125349260536 3130.8827180600033
13768.490981800971 13926.962008095978 3183.29463681585
14345.090867252326 13688.066437292782 3128.2571853249983
13772.521479526571 13917.810227499616 3184.0780545768994
14316.825172403673 13678.01404977922 3134.403353156694
13767.146642475669 13909.377486149602 3186.2420943428306
14290.611647002686 13692.603466698749 3136.343594368308
13758.241768571192 13904.827406947505 3188.361575967602
14289.519709128434 13722.583587974 3131.811512336283
13752.499354213236 13896.640546905857 3190.5431460002687
14282.966231481565 13693.308138690822 3137.466179675071
13745.937404385446 13904.186460664812 3190.411724441451
14308.509562660893 13677.574790914105 3135.8144229985023
13740.941178485482 13895.52402874551 3192.547683197703
14336.325710988103 13666.338159201772 3133.087745917739
13750.912117294236 13894.762202471291 3191.08622830643
14309.06004398147 13653.824830200929 3139.4506911276085
13740.912175308984 13894.72813941786 3192.6757548956025
14282.020159281863 13640.830807135228 3145.841591825896
13736.322194749651 13903.612512128691 3192.024282697429
14283.845109962924 13670.7752482723 3140.8579944367684
13746.04612169895 13901.2790073216 3190.8458274480317
14304.124167542286 13692.883161418795 3134.119133550525
13753.014022108066 13908.451758808207 3188.6276056784427
14284.439249830783 13670.244609903926 3140.8454237834576
13746.63901719502 13900.747259320333 3190.8344124587184
14291.507295823541 13699.400102111129 3135.1322404125835
13740.986098343159 13908.996168851554 3190.4497074777423
14273.420461343665 13723.334730132001 3134.2924876809648
13742.930241271051 13918.80536393963 3188.6182424891203
14269.416581693793 13753.066345421947 3130.26609191206
13751.952265668811 13923.118492243568 3186.5172220873937
14265.216273054983 13723.361843956029 3135.611941922145
13761.344277267464 13919.684818099044 3185.5607402081496
14236.534836524334 13714.56552662783 3141.614932205655
13768.311745228008 13926.85798965832 3183.3392779069463
14229.401450561232 13743.705101173478 3138.1931595237465
13761.61635073144 13934.285754634093 3183.2469633229703
14204.76660514725 13726.584225277977 3144.8447328970624
13762.421096051026 13944.253321286522 3181.5681442791592
14215.13284454842 13754.73633142792 3138.7611128053354
13764.3646475917 13954.062633566633 3179.7321383069
14226.242060264118 13782.603611994598 3132.592040338959
13772.577701591463 13948.35774583794 3179.315230964764
14213.363750837349 13809.698798768422 3130.408870700285
13778.084467985243 13940.010559252969 3179.739803691891
14217.10789898503 13779.933359839217 3134.4854512431516
13785.038813259467 13932.824664610902 3179.753296115419
14187.171474239716 13781.88540324757 3139.0041788979106
13775.375397130805 13930.252041683943 3181.689327681715
14211.95485858761 13798.790546259821 3132.3522630317757
13768.865921936229 13922.660814333165 3183.904098498866
14194.785411379116 13774.189528342777 3138.9858035693974
13775.756608665739 13915.413853839567 3183.9370658697057
14191.644620191826 13744.35439082478 3144.171171197019
13778.200998408995 13905.717207059208 3185.056633922724
14177.647593208843 13717.819824017732 3150.576231002199
13773.926750988385 13914.757716391508 3184.329616322106
14167.460000960142 13746.03706988217 3147.796425777182
13782.199751244796 13920.375319684497 3182.142057072135
14137.54790011147 13743.742244655943 3152.959233968634
13781.765701751545 13930.365895295412 3180.656270790107
14141.477948295835 13773.483709335218 3147.672919799478
13772.951671234316 13935.089544948101 3181.3215220755847
14139.397043024725 13743.555965797614 3152.691619503619
13782.917038429241 13935.921083684594 3179.608439819197
14156.414683393734 13718.849692985408 3153.8239515350456
13785.548586797315 13945.568619804582 3177.6874240872903
14126.740174320279 13714.442481707345 3159.2704347709237
13779.89417608966 13953.816506779387 3177.301574334917
14138.334281642145 13742.111537987043 3153.0880774557218
13779.355568895651 13943.83102219973 3178.9428021818303
14124.264227629368 13768.607454277624 3151.2010005270654
13769.448434187205 13942.471359789899 3180.729088641177
14094.266324958178 13768.962187035931 3155.957493751269
13769.01378237586 13952.461909214375 3179.2425197569128
14101.838871723072 13797.99073394227 3150.2009217383834
13778.99125611079 13951.791075502673 3177.7607553645694
14074.881494486708 13811.155072609154 3152.4657148569513
13771.191911157015 13945.53246397199 3179.9754477858005
14049.51860929378 13795.132461876494 3159.0362497639944
13761.264079042592 13946.731692685724 3181.3661759966444
14068.035549777427 13771.529010537228 3159.7587543343625
13751.928298427292 13943.147951581377 3183.4064735369852
14093.013955511982 13754.91337792935 3158.3536096914336
13757.812055326567 13951.233828450971 3181.213729015967
14110.034574775747 13730.2091572398 3159.4851331645127
13767.717144616106 13949.859344487344 3179.8539106890344
14081.956984709035 13719.642751226134 3165.62722501447
13776.660325923494 13954.333660982988 3177.7352681007737
14067.186032437388 13745.754414692654 3163.917829283718
13777.551164038225 13964.293902318082 3176.0412877386125
14037.28810667219 13748.22707215754 3168.31143137613
13786.244223338197 13969.23664649588 3173.887194744925
14011.598105293619 13763.719774606405 3170.0000327040802
13776.763587483085 13972.417455163933 3174.8999927592295
14039.945755129907 13773.53867213918 3163.9398190505844
13768.352595892593 13977.826264687727 3175.3948344214596
14056.889316422496 13798.295807084975 3157.3613924750653
13759.086995832933 13981.587734551284 3176.282251048163
14061.338075456146 13827.964115817704 3152.00667197443
13750.822409906383 13987.217709636721 3176.7188773076555
14052.747045426164 13799.220521696161 3157.8803556181592
13752.064667141585 13997.140249481015 3174.9739475204715
14078.159251386542 13783.276250366704 3156.3013791270255
13761.521161184739 14000.392129000895 3172.961701986385
14104.071136052502 13798.394922036461 3149.7792559441273
13757.074412940527 13991.4352082101 3175.0667884882237
14125.668287273991 13819.217099134838 3143.0447443715566
13764.865141013523 13985.165873628772 3174.8050764261397
14143.045968314937 13843.671468921015 3136.406911081231
13774.848953498662 13985.734633913593 3173.1273770790613
14167.878862732683 13826.83913827915 3135.0508264847085
13782.535322832295 13992.131486770037 3170.9049437343747
14153.335656519494 13853.07832944505 3133.2690815469887
13792.171682105147 13989.45930040593 3169.7869434994295
14176.350739035079 13872.321665351303 3126.524345871201
13783.189777576148 13985.063235002417 3171.9040968308673
14155.315344100756 13850.932131463042 3133.287485858488
13784.079414704269 13995.023583680062 3170.20737370415
14175.656542674524 13828.881379988714 3133.4756230161643
13783.454549964283 13985.043125571501 3171.8650694223875
14196.765552263678 13807.564491984951 3133.4231433936957
13779.581962731469 13994.262836419692 3171.0426083800116
14167.158194043115 13812.402295122662 3137.4357781164817
13780.911102470523 14004.17411219802 3169.2830154140856
14139.641544118662 13824.353612076666 3139.990110436313
13788.590016723945 13997.768312022508 3169.0599439160223
14146.17295766947 13853.633991804878 3134.336504444787
13791.048035298598 14007.461512974034 3167.153519792937
14150.984473252354 13824.022350212497 3138.2157179700785
13788.514997051248 14017.135380723672 3166.045180107877
14127.077380072924 13842.145564488947 3139.218487037826
13792.641074906303 14026.24446857779 3163.9622654565674
14141.295985122742 13868.562060669123 3132.774274720919
13802.618710125898 14025.576041001523 3162.474333150815
14171.25774403637 13870.076327092731 3127.700781825197
13792.800148482174 14027.47231293571 3163.744779693527
14179.075585307195 13899.039775745545 3121.8700593796884
13785.345636815826 14020.8067105011 3165.9766042040783
14179.927428427729 13869.051872129286 3126.461873984106
13792.373107630347 14027.92110815312 3163.742709540238
14166.317323816738 13895.786962412993 3124.4458736558886
13789.2362920786 14018.42582573529 3165.7283611497005
14196.127723570682 13899.154463936384 3119.0930677706856
13796.690602811286 14025.091652878305 3163.496384731455
14222.922379528994 13912.646921535932 3112.6197584522997
13794.233460832507 14015.398229680275 3165.4046938368333
14193.695757233894 13905.879015713632 3118.4246026193355
13784.527032702925 14012.992974399594 3167.3286715788263
14170.78208152404 13925.242989104017 3119.0742849348662
13792.847258756234 14018.540391674493 3165.1344427576805
14200.692863122258 13927.554945890737 3113.8650119463073
13793.99954383495 14028.473781785495 3163.3966718691613
14230.676613894446 13928.542209599858 3108.8460387078985
13793.296476928892 14038.449036014115 3161.9476770477268
14260.63819000394 13930.060088723842 3103.739376692377
13791.793586874788 14028.562614948569 3163.7348199245653
14232.5650616821 13919.481834320322 3109.9741319937257
13782.309444151484 14025.392277931152 3165.7437878188625
14212.81106173566 13942.06013111428 3109.604396010186
13772.458645744826 14027.113257521787 3167.0454948163842
14229.525064813002 13966.972820674635 3102.941744369625
13763.404501697196 14031.358546153291 3167.8251393652868
14246.11776143544 13941.979173105789 3104.2093040729496
13756.069971643228 14024.56114452565 3170.055970279876
14256.073964904037 13913.679455572006 3107.076848596852
13755.18243627279 14014.600608347 3171.752895573075
